                        *************************                         
                             Playing Matches                              
                        *************************                         

 Match #   Opponent    AB_Improved      VS           V2S          V3S          VWS         V2WS         V3WS     
                        Won | Lost   Won | Lost   Won | Lost   Won | Lost   Won | Lost   Won | Lost   Won | Lost 
    1       Random      96  |   4    94  |   6    94  |   6    98  |   2    92  |   8    91  |   9    95  |   5  
    2       MM_Open     80  |  20    81  |  19    82  |  18    79  |  21    77  |  23    76  |  24    81  |  19  
    3      MM_Center    89  |  11    90  |  10    84  |  16    90  |  10    88  |  12    94  |   6    92  |   8  
    4     MM_Improved   63  |  37    79  |  21    72  |  28    73  |  27    75  |  25    76  |  24    76  |  24  
    5       AB_Open     50  |  50    64  |  36    55  |  45    54  |  46    54  |  46    53  |  47    51  |  49  
    6      AB_Center    57  |  43    60  |  40    62  |  38    61  |  39    57  |  43    66  |  34    62  |  38  
    7     AB_Improved   50  |  50    56  |  44    52  |  48    51  |  49    55  |  45    59  |  41    46  |  54  
----------------------------------------------------------------------------------------------------------------
           Win Rate:      69.3%        74.9%        71.6%        72.3%        71.1%        73.6%        71.9%    



 Match #   Opponent    AB_Improved      VS           V2S          V3S          VWS         V2WS         V3WS     
                        Won | Lost   Won | Lost   Won | Lost   Won | Lost   Won | Lost   Won | Lost   Won | Lost 
    1       Random      96  |   4    96  |   4    96  |   4    92  |   8    97  |   3    93  |   7    93  |   7  
    2       MM_Open     83  |  17    79  |  21    84  |  16    83  |  17    75  |  25    79  |  21    83  |  17  
    3      MM_Center    88  |  12    91  |   9    88  |  12    93  |   7    92  |   8    90  |  10    91  |   9  
    4     MM_Improved   75  |  25    74  |  26    78  |  22    74  |  26    75  |  25    73  |  27    78  |  22  
    5       AB_Open     58  |  42    53  |  47    53  |  47    53  |  47    58  |  42    53  |  47    63  |  37  
    6      AB_Center    61  |  39    64  |  36    58  |  42    53  |  47    61  |  39    56  |  44    57  |  43  
    7     AB_Improved   48  |  52    50  |  50    49  |  51    46  |  54    51  |  49    50  |  50    57  |  43  
----------------------------------------------------------------------------------------------------------------
           Win Rate:      72.7%        72.4%        72.3%        70.6%        72.7%        70.6%        74.6%    


                        *************************                         
                             Playing Matches                              
                        *************************                         

 Match #   Opponent    AB_Improved      VS           V2S          V3S          VWS         V2WS         V3WS     
                        Won | Lost   Won | Lost   Won | Lost   Won | Lost   Won | Lost   Won | Lost   Won | Lost 
    1       Random      90  |  10    90  |  10    92  |   8    95  |   5    95  |   5    91  |   9    94  |   6  
    2       MM_Open     72  |  28    79  |  21    80  |  20    72  |  28    80  |  20    72  |  28    69  |  31  
    3      MM_Center    83  |  17    90  |  10    86  |  14    85  |  15    89  |  11    87  |  13    92  |   8  
    4     MM_Improved   76  |  24    70  |  30    78  |  22    78  |  22    75  |  25    76  |  24    68  |  32  
    5       AB_Open     49  |  51    51  |  49    56  |  44    50  |  50    58  |  42    55  |  45    55  |  45  
    6      AB_Center    58  |  42    55  |  45    59  |  41    59  |  41    67  |  33    56  |  44    62  |  38  
    7     AB_Improved   49  |  51    58  |  42    53  |  47    56  |  44    48  |  52    50  |  50    52  |  48  
----------------------------------------------------------------------------------------------------------------
           Win Rate:      68.1%        70.4%        72.0%        70.7%        73.1%        69.6%        70.3%    